[gd_scene load_steps=10 format=2]

[ext_resource path="res://test_car_with_wheels.tscn" type="PackedScene" id=1]
[ext_resource path="res://bigpencil.tscn" type="PackedScene" id=2]
[ext_resource path="res://wowworld.tscn" type="PackedScene" id=3]
[ext_resource path="res://bigpencil.gd" type="Script" id=4]
[ext_resource path="res://Gate.tscn" type="PackedScene" id=5]

[sub_resource type="OpenSimplexNoise" id=1]
octaves = 9
period = 143.8
persistence = 0.64
lacunarity = 3.37

[sub_resource type="NoiseTexture" id=2]
seamless = true
noise = SubResource( 1 )

[sub_resource type="SpatialMaterial" id=3]
flags_transparent = true
albedo_color = Color( 0.184314, 0.866667, 0.933333, 0.901961 )
albedo_texture = SubResource( 2 )
transmission_enabled = true
transmission = Color( 0.513726, 0.835294, 0.470588, 1 )

[sub_resource type="CubeMesh" id=4]
material = SubResource( 3 )
size = Vector3( 75, 0.1, 75 )

[node name="World" type="Spatial"]

[node name="test_car_with_wheels" parent="." instance=ExtResource( 1 )]
transform = Transform( 0.987298, 0, 0.158882, 0, 1, 0, -0.158882, 0, 0.987298, 102.944, 0.193985, 56.3015 )
total_gates = 7

[node name="Position3D" type="Position3D" parent="test_car_with_wheels"]
transform = Transform( -1, -4.37114e-08, 7.57103e-08, 0, 0.866026, 0.5, -8.74228e-08, 0.5, -0.866025, 0, 0, 0 )

[node name="Camera" type="Camera" parent="test_car_with_wheels/Position3D"]
transform = Transform( 1, 0, 0, 0, 1, 0, 0, 0, 1, 0, 0, 7 )
near = 1.0
far = 300.0

[node name="alpha_map" parent="." instance=ExtResource( 3 )]
transform = Transform( 1, 0, 0, 0, 1, 0, 0, 0, 1, -0.41881, 3.88436, -12.2001 )

[node name="new_try" parent="." instance=ExtResource( 2 )]
transform = Transform( 0.707107, -0.707107, 0, 0.707107, 0.707107, 0, 0, 0, 1, 56.5399, 0.363383, -27.742 )
script = ExtResource( 4 )

[node name="Lake" type="Spatial" parent="."]
transform = Transform( 1, 0, 0, 0, 1, 0, 0, 0, 1, -111.14, -2.58337, -32.7038 )

[node name="MeshInstance" type="MeshInstance" parent="Lake"]
transform = Transform( 1, 0, 0, 0, 1, 0, 0, 0, 1, 4.35315, -0.142168, 7.53868 )
mesh = SubResource( 4 )

[node name="Gate" parent="." instance=ExtResource( 5 )]
transform = Transform( -0.468161, 0, 0.883643, 0, 1, 0, -0.883643, 0, -0.468161, 84.7179, -5.04568, 172.043 )
gate_number = 1

[node name="Gate2" parent="." instance=ExtResource( 5 )]
transform = Transform( 0.768295, 0, 0.640096, 0, 1, 0, -0.640096, 0, 0.768295, -90.5317, -5.82949, 152.993 )
gate_number = 2

[node name="Gate3" parent="." instance=ExtResource( 5 )]
transform = Transform( 0.611279, 0, 0.791416, 0, 1, 0, -0.791416, 0, 0.611279, -83.2848, -2.45892, 38.797 )
gate_number = 3

[node name="Gate4" parent="." instance=ExtResource( 5 )]
transform = Transform( 0.0726115, 0, -0.99736, 0, 1, 0, 0.99736, 0, 0.0726115, -112.67, -2.9475, -81.0505 )
gate_number = 4

[node name="Gate5" parent="." instance=ExtResource( 5 )]
transform = Transform( 0.0726115, 0, -0.99736, 0, 1, 0, 0.99736, 0, 0.0726115, 0.364706, -2.9475, -0.311771 )
gate_number = 5

[node name="Gate6" parent="." instance=ExtResource( 5 )]
transform = Transform( -0.129799, 0, -0.99154, 0, 1, 0, 0.99154, 0, -0.129799, 65.9927, -2.9475, -74.9055 )
gate_number = 6

[node name="Gate7" parent="." instance=ExtResource( 5 )]
transform = Transform( -0.993532, 0, -0.11355, 0, 1, 0, 0.11355, 0, -0.993532, 102.746, -2.9475, 71.4466 )
